## Australia Color Palettes

## Albert Namatjira: Twin Ghosts
## http://www.menziesartbrands.com/sites/default/files/field/catalogue_items//DM_24017.jpg
namatjira <- c(
    "#d8f0f0",	
    "#483030",
    "#784830",
    "#786060",
    "#d8c0a8",	
    "#a86030",
    "#a890a8",
    "#486090",
    "#787890",
    "#a89078",
    "#d8a890",
    "#c07848",
    "#d89048",
    "#c09060",
    "#f0a860"
)

## Georgiana McCrae, "Melbourne, Collins St, 1841",
## https://en.wikipedia.org/wiki/File:Melbourne_Collins_Street_1841.jpg
mccrea_melbcollinsst_1841 <- c(
    "#a8c0a8",
    "#c0c0a8",
    "#a8a890",
    "#909078",
    "#a8a8a8",
    "#c0c0c0",
    "#d8c0a8",
    "#c09048",
    "#c07848",
    "#d89060",
    "#c07848"
)
    
parliament <- c(
    "#a84848", # senate red
    "#304830", # dark green
    "#607890", # grey blue
    "#906030", # brown
    "#f0d8d8", # light pink/red
    "#909078", # grey green
    "#90a8a8", # light blue
    "#c0a890", # light brown
)

## Fred Williams, Mount Nameless (morning)
## http://www.art-almanac.com.au/wp-content/uploads/2013/11/benalla_mt_nameless_review_1213.jpg
nameless <- c(
    "#d23c1e", # 2
    "#965a3c", # 1
    "#96785a", # 6
    "#b4783c", # 3
    "#d2965a", # 7
    "#b49678", # 10
    "#b4d2d2", # 8
    "#96b4d2", # 5
    "#7896b4", # 4
    "#5a7896"  # 9
)
