## Australia Color Palettes

## Albert Namatjira: Twin Ghosts
## http://www.menziesartbrands.com/sites/default/files/field/catalogue_items//DM_24017.jpg
namatjira <- c(
    "#d8f0f0",	
    "#786060",
    "#d8c0a8",	
    "#a86030",
    "#a890a8",
    "#486090",
    "#a89078",
    "#f0a860"
)

## Georgiana McCrae, "Melbourne, Collins St, 1841",
## https://en.wikipedia.org/wiki/File:Melbourne_Collins_Street_1841.jpg
mccrea_melbcollinsst_1841 <- c(
    "#a8c0a8",
    "#c0c0a8",
    "#a8a890",
    "#909078",
    "#a8a8a8",
    "#c0c0c0",
    "#d8c0a8",
    "#c09048",
    "#c07848",
    "#d89060",
    "#c07848"
)
    
parliament <- c(
    "#a84848", # senate red
    "#304830", # dark green
    "#607890", # grey blue
    "#906030", # brown
    "#f0d8d8", # light pink/red
    "#909078", # grey green
    "#90a8a8", # light blue
    "#c0a890" # light brown
)


tasmania <- c(
    "#a84830", # bay of fires lychen
    "#d89060", # lighter lychen
    "#604830", # forest brown
    "#6090d8", # wineglass bay blue
    "#c0c0d8", # crater lake grey
    "#183018", # fern green
    "#486030" # enchanted walk moss
)

## Sydney Nolan, "Ned Kelly 1946",
## https://cs.nga.gov.au/detail.cfm?irn=28926
nolan_ned <- c(
    "#a89030", # ochre
    "#004878", # sky blue
    "#78a890", # dusty blue
    "#000000", # black
    "#481800"  # brown
    )


## John Olsen, "Sydney Sun, 1965",
## https://artsearch.nga.gov.au/Detail-LRG.cfm?IRN=26102
olsen_qual <- c(
    "#c47000", # rusty yellow
    "#e0c48c", # light tan
    "#8c3800", # dark orange
    "#e0a81c", # yellow
    "#8ca8c4", # dusky blue
    "#385438"  # dark green
)

olsen_seq <- c(
    "#701c00", 
    "#8c3800", 
    "#a85400", 
    "#c47000",
    "#c48c1c",
    "#e0a81c", 
    "#e0c48c", 
    "#e0e0e0",
    "#c4c4c4",
    "#8ca8c4", 
    "#708ca8",
    "#1c54a8",
    "#385438",
    "#38381c"
)

## Fred Williams, Mount Nameless (morning)
## http://www.art-almanac.com.au/wp-content/uploads/2013/11/benalla_mt_nameless_review_1213.jpg
nameless <- c(
    "#d23c1e", # 2
    "#965a3c", # 1
    "#96785a", # 6
    "#b4783c", # 3
    "#d2965a", # 7
    "#b49678", # 10
    "#b4d2d2", # 8
    "#96b4d2", # 5
    "#7896b4", # 4
    "#5a7896"  # 9
)
