## Australia Color Palettes

## Albert Namatjira: Twin Ghosts
## http://www.menziesartbrands.com/sites/default/files/field/catalogue_items//DM_24017.jpg
namatjira <- c(
    "#d8f0f0",	
    "#483030",
    "#784830",
    "#786060",
    "#d8c0a8",	
    "#a86030",
    "#a890a8",
    "#486090",
    "#787890",
    "#a89078",
    "#d8a890",
    "#c07848",
    "#d89048",
    "#c09060",
    "#f0a860"
)

parliament <- c(
    "#a84848", # senate red
    "#304830", # dark green
    "#607890", # grey blue
    "#906030", # brown
    "#f0d8d8", # light pink/red
    "#909078", # grey green
    "#90a8a8", # light blue
    "#c0a890", # light brown
)


tasmania <- c(
    "#a84830", # bay of fires lychen
    "#d89060", # lighter lychen
    "#604830", # forest brown
    "#6090d8", # wineglass bay blue
    "#c0c0d8", # crater lake grey
    "#183018", # fern green
    "#486030", # enchanted walk moss
)
