## Australia Color Palettes

## Albert Namatjira: Twin Ghosts
## http://www.menziesartbrands.com/sites/default/files/field/catalogue_items//DM_24017.jpg
namatjira <- c(
    "#d8f0f0",	
    "#786060",
    "#d8c0a8",	
    "#a86030",
    "#a890a8",
    "#486090",
    "#a89078",
    "#f0a860"
)

## Georgiana McCrae, "Melbourne, Collins St, 1841",
## https://en.wikipedia.org/wiki/File:Melbourne_Collins_Street_1841.jpg
mccrea_melbcollinsst_1841 <- c(
    "#a8c0a8",
    "#c0c0a8",
    "#a8a890",
    "#909078",
    "#a8a8a8",
    "#c0c0c0",
    "#d8c0a8",
    "#c09048",
    "#c07848",
    "#d89060",
    "#c07848"
)
    
parliament <- c(
    "#a84848", # senate red
    "#304830", # dark green
    "#607890", # grey blue
    "#906030", # brown
    "#f0d8d8", # light pink/red
    "#909078", # grey green
    "#90a8a8", # light blue
    "#c0a890" # light brown
)


tasmania <- c(
    "#a84830", # bay of fires lychen
    "#d89060", # lighter lychen
    "#604830", # forest brown
    "#6090d8", # wineglass bay blue
    "#c0c0d8", # crater lake grey
    "#183018", # fern green
    "#486030" # enchanted walk moss
)

## Sydney Nolan, "Ned Kelly 1946",
## https://cs.nga.gov.au/detail.cfm?irn=28926
nolan_ned <- c(
    "#a89030", # ochre
    "#004878", # sky blue
    "#78a890", # dusty blue
    "#000000", # black
    "#481800"  # brown
    )

