## Australia Color Palettes

## Albert Namatjira: Twin Ghosts
## http://www.menziesartbrands.com/sites/default/files/field/catalogue_items//DM_24017.jpg
namatjira <- c(
    "#d8f0f0",	
    "#483030",
    "#784830",
    "#786060",
    "#d8c0a8",	
    "#a86030",
    "#a890a8",
    "#486090",
    "#787890",
    "#a89078",
    "#d8a890",
    "#c07848",
    "#d89048",
    "#c09060",
    "#f0a860"
)

## Georgiana McCrae, "Melbourne, Collins St, 1841",
## https://en.wikipedia.org/wiki/File:Melbourne_Collins_Street_1841.jpg
mccrea_melbcollinsst_1841 <- c(
    "#a8c0a8",
    "#c0c0a8",
    "#a8a890",
    "#909078",
    "#a8a8a8",
    "#c0c0c0",
    "#d8c0a8",
    "#c09048",
    "#c07848",
    "#d89060",
    "#c07848"
)
    
